 barrier_parameter: 2.048000000000001e-09
 barrier_tolerance: 2.048000000000001e-09
          cg_niter: 263
      cg_stop_cond: 2
            constr: [array([-283238.09773197, -296221.70522407, -283231.32482122,
       -283238.09791112, -272251.65900882]), array([ 35167.85453912, 201827.2192728 ,  69828.60756037,  35167.85448718,
       204710.81594646]), array([20.81714683, 50.0624611 ,  5.00000198, 29.33351519, 20.81714683,
       50.0624611 ]), array([499.9999744 , 499.99999567, 499.99998538, 499.99997456,
       499.99999564]), array([ 2.50000099, 20.66648487, 50.00000006,  0.14422543,  0.34684291,
        0.20322856,  0.14422543,  0.34684291])]
       constr_nfev: [8194, 8194, 8194, 8194, 0]
       constr_nhev: [0, 0, 0, 0, 0]
       constr_njev: [0, 0, 0, 0, 0]
    constr_penalty: 1.0
  constr_violation: 0.0
    execution_time: 24.707417964935303
               fun: array([56.49036275])
              grad: array([ 6.80444533e-02, -3.95055535e-06,  1.12640666e+00,  2.40188958e+01,
        1.38910477e+02,  4.76912646e+01,  2.40188958e+01,  1.38910477e+02])
               jac: [array([[-6.13000749e+02,  5.70783555e+01,  7.05787024e+00,
         3.22876326e+06,  7.26606340e+05, -1.38775047e+06,
        -6.98950398e+05,  6.67809880e+05],
       [ 4.32304452e+03,  2.41624073e+01, -2.26139352e+02,
         1.20130148e+05,  1.58321956e+06,  2.38515738e+05,
         1.20130148e+05, -1.14777959e+05],
       [ 1.02096501e+03, -1.40580201e+02,  7.05770144e+00,
        -6.98933684e+05,  7.26588965e+05,  1.39960083e+06,
        -6.98933684e+05,  6.67793911e+05],
       [-6.13000750e+02,  5.70783550e+01,  7.05787024e+00,
        -6.98950398e+05,  7.26606340e+05, -1.38775048e+06,
         3.22876327e+06,  6.67809880e+05],
       [-5.24105988e+03,  2.41624075e+01,  2.52066057e+02,
         1.20130148e+05, -1.24883436e+05,  2.38515738e+05,
         1.20130148e+05,  1.45510658e+06]]), array([[-4.86492309e+02, -3.91503809e+03,  1.46810572e-01,
         1.12421963e+06,  1.51141203e+04, -2.88665630e+04,
        -1.45388498e+04,  1.38910966e+04],
       [ 4.63210523e+01,  2.90673770e+00, -9.50202513e+03,
         1.44516571e+04,  2.72353840e+06,  2.86934439e+04,
         1.44516571e+04, -1.38077887e+04],
       [ 4.21677410e+01,  5.55279009e+03, -5.55830482e+03,
        -2.88672527e+04,  3.00094669e+04,  1.54731320e+06,
        -2.88672527e+04,  2.75811225e+04],
       [-4.86492308e+02, -3.91503809e+03,  1.46810572e-01,
        -1.45388498e+04,  1.51141203e+04, -2.88665630e+04,
         1.12421963e+06,  1.38910966e+04],
       [-1.10424073e+03,  2.90673770e+00, -9.44449702e+03,
         1.44516571e+04, -1.50234777e+04,  2.86934439e+04,
         1.44516571e+04,  2.72475409e+06]]), array([[ 0.12009335,  0.9927626 ,  0.        ,  0.        ,  0.        ,
         0.        ,  0.        ,  0.        ],
       [ 0.04993764,  0.        ,  0.99875234,  0.        ,  0.        ,
         0.        ,  0.        ,  0.        ],
       [ 2.        ,  0.        ,  0.        ,  0.        ,  0.        ,
         0.        ,  0.        ,  0.        ],
       [ 0.        , -1.        ,  1.        ,  0.        ,  0.        ,
         0.        ,  0.        ,  0.        ],
       [ 0.12009335,  0.9927626 ,  0.        ,  0.        ,  0.        ,
         0.        ,  0.        ,  0.        ],
       [ 0.04993764,  0.        ,  0.99875234,  0.        ,  0.        ,
         0.        ,  0.        ,  0.        ]]), array([[ 2.88448146e+00,  2.38448276e+01,  0.00000000e+00,
        -3.46679480e+03,  0.00000000e+00,  0.00000000e+00,
         0.00000000e+00,  0.00000000e+00],
       [ 4.98753308e-01,  0.00000000e+00,  9.97506223e+00,
         0.00000000e+00, -1.44157480e+03,  0.00000000e+00,
         0.00000000e+00,  0.00000000e+00],
       [ 0.00000000e+00, -1.70453484e+01,  1.70453484e+01,
         0.00000000e+00,  0.00000000e+00, -2.46028405e+03,
         0.00000000e+00,  0.00000000e+00],
       [ 2.88448146e+00,  2.38448276e+01,  0.00000000e+00,
         0.00000000e+00,  0.00000000e+00,  0.00000000e+00,
        -3.46679480e+03,  0.00000000e+00],
       [ 4.98753308e-01,  0.00000000e+00,  9.97506222e+00,
         0.00000000e+00,  0.00000000e+00,  0.00000000e+00,
         0.00000000e+00, -1.44157480e+03]]), array([[1., 0., 0., 0., 0., 0., 0., 0.],
       [0., 1., 0., 0., 0., 0., 0., 0.],
       [0., 0., 1., 0., 0., 0., 0., 0.],
       [0., 0., 0., 1., 0., 0., 0., 0.],
       [0., 0., 0., 0., 1., 0., 0., 0.],
       [0., 0., 0., 0., 0., 1., 0., 0.],
       [0., 0., 0., 0., 0., 0., 1., 0.],
       [0., 0., 0., 0., 0., 0., 0., 1.]])]
   lagrangian_grad: array([ 1.50102153e-13, -1.13284981e-05,  1.68753900e-14, -7.79180751e-08,
        2.16637654e-14,  7.84860972e-08, -7.79180979e-08,  2.15253692e-14])
           message: '`xtol` termination condition is satisfied.'
            method: 'tr_interior_point'
              nfev: 8194
              nhev: 0
               nit: 253
             niter: 253
              njev: 482
        optimality: 1.1328498094105485e-05
            status: 2
           success: True
         tr_radius: array([2.69200211e-09])
                 v: [array([ 2.72095465e-17, -2.95426100e-20, -1.96394173e-17,  2.72095452e-17,
       -2.50157947e-20]), array([ 3.58239900e-11, -9.33762391e-15, -1.29571363e-11,  3.58239901e-11,
       -9.21734171e-15]), array([ 3.16533351e-08, -4.26112126e-11, -6.82707709e-10, -1.52377946e-08,
        3.16533354e-08, -4.26112308e-11]), array([0.00692828, 0.09636023, 0.01938444, 0.00692828, 0.09636023]), array([-2.04133404e-01,  2.64249077e-08, -3.37921989e+00,  3.73168711e-06,
       -5.90470216e-09, -1.91038312e-06,  3.73168712e-06, -5.90470230e-09])]
                 x: array([ 2.50000099, 20.66648487, 50.00000006,  0.14422543,  0.34684291,
        0.20322856,  0.14422543,  0.34684291])